0	-1.04659e-17
0.01	0.0101203
0.02	0.0202372
0.03	0.0303473
0.04	0.0404472
0.05	0.0505335
0.06	0.0606028
0.07	0.0706517
0.08	0.0806768
0.09	0.0906748
0.1	0.100642
0.11	0.110576
0.12	0.120472
0.13	0.130327
0.14	0.140138
0.15	0.149901
0.16	0.159614
0.17	0.169272
0.18	0.178872
0.19	0.188411
0.2	0.197886
0.21	0.207293
0.22	0.216628
0.23	0.225889
0.24	0.235071
0.25	0.24417
0.26	0.253176
0.27	0.262077
0.28	0.270859
0.29	0.279513
0.3	0.288025
0.31	0.296383
0.32	0.304576
0.33	0.312592
0.34	0.320419
0.35	0.328044
0.36	0.335455
0.37	0.342642
0.38	0.349591
0.39	0.356291
0.4	0.362729
0.41	0.368895
0.42	0.374775
0.43	0.380358
0.44	0.385632
0.45	0.390585
0.46	0.395204
0.47	0.399479
0.48	0.403396
0.49	0.406944
0.5	0.410107
0.51	0.412871
0.52	0.415218
0.53	0.417133
0.54	0.418602
0.55	0.419608
0.56	0.420136
0.57	0.420171
0.58	0.419696
0.59	0.418696
0.6	0.417155
0.61	0.415058
0.62	0.41239
0.63	0.409134
0.64	0.405275
0.65	0.400798
0.66	0.395686
0.67	0.389925
0.68	0.383499
0.69	0.376392
0.7	0.368588
0.71	0.360072
0.72	0.350829
0.73	0.340843
0.74	0.330098
0.75	0.318582
0.76	0.30628
0.77	0.293176
0.78	0.279257
0.79	0.264508
0.8	0.248915
0.81	0.232464
0.82	0.215139
0.83	0.196927
0.84	0.177813
0.85	0.157783
0.86	0.136822
0.87	0.114915
0.88	0.0920497
0.89	0.0682099
0.9	0.0433817
0.91	0.0175506
0.92	-0.00929777
0.93	-0.0371778
0.94	-0.066104
0.95	-0.0960907
0.96	-0.127152
0.97	-0.159302
0.98	-0.192549
0.99	-0.226899
1	-0.26236
1.01	-0.298938
1.02	-0.336642
1.03	-0.375479
1.04	-0.415454
1.05	-0.456576
1.06	-0.498852
1.07	-0.542288
1.08	-0.586893
1.09	-0.632672
1.1	-0.679634
1.11	-0.727785
1.12	-0.777133
1.13	-0.827684
1.14	-0.879446
1.15	-0.932426
1.16	-0.986631
1.17	-1.04207
1.18	-1.09875
1.19	-1.15667
1.2	-1.21585
1.21	-1.27628
1.22	-1.33797
1.23	-1.40091
1.24	-1.46509
1.25	-1.53051
1.26	-1.59716
1.27	-1.66504
1.28	-1.73414
1.29	-1.80444
1.3	-1.87596
1.31	-1.94868
1.32	-2.0226
1.33	-2.0977
1.34	-2.17399
1.35	-2.25146
1.36	-2.3301
1.37	-2.4099
1.38	-2.49087
1.39	-2.57299
1.4	-2.65626
1.41	-2.74068
1.42	-2.82623
1.43	-2.91291
1.44	-3.00072
1.45	-3.08964
1.46	-3.17966
1.47	-3.27075
1.48	-3.3629
1.49	-3.45606
1.5	-3.55023
1.51	-3.64538
1.52	-3.74149
1.53	-3.83852
1.54	-3.93647
1.55	-4.0353
1.56	-4.135
1.57	-4.23553
1.58	-4.33688
1.59	-4.43902
1.6	-4.54193
1.61	-4.64558
1.62	-4.74996
1.63	-4.85504
1.64	-4.96079
1.65	-5.06719
1.66	-5.17422
1.67	-5.28186
1.68	-5.39008
1.69	-5.49885
1.7	-5.60814
1.71	-5.71791
1.72	-5.8281
1.73	-5.93868
1.74	-6.0496
1.75	-6.16082
1.76	-6.2723
1.77	-6.384
1.78	-6.49587
1.79	-6.60787
1.8	-6.71995
1.81	-6.83208
1.82	-6.94421
1.83	-7.05629
1.84	-7.16829
1.85	-7.28016
1.86	-7.39186
1.87	-7.50335
1.88	-7.61458
1.89	-7.7255
1.9	-7.83609
1.91	-7.94629
1.92	-8.05606
1.93	-8.16535
1.94	-8.27412
1.95	-8.38228
1.96	-8.48979
1.97	-8.59659
1.98	-8.7026
1.99	-8.80778
2	-8.91205
2.01	-9.01536
2.02	-9.11764
2.03	-9.21884
2.04	-9.31889
2.05	-9.41774
2.06	-9.51531
2.07	-9.61155
2.08	-9.7064
2.09	-9.79979
2.1	-9.89166
2.11	-9.98196
2.12	-10.0706
2.13	-10.1576
2.14	-10.2428
2.15	-10.3262
2.16	-10.4076
2.16	-10.4076
2.17	-10.4872
2.18	-10.5647
2.19	-10.6401
2.2	-10.7134
2.21	-10.7844
2.22	-10.8531
2.23	-10.9194
2.24	-10.9832
2.25	-11.0444
2.26	-11.1031
2.27	-11.159
2.28	-11.2122
2.29	-11.2625
2.3	-11.3099
2.31	-11.3543
2.32	-11.3956
2.33	-11.4338
2.34	-11.4687
2.35	-11.5004
2.36	-11.5286
2.37	-11.5534
2.38	-11.5747
2.39	-11.5924
2.4	-11.6064
2.4	-11.6064
2.41	-11.6167
2.42	-11.6231
2.43	-11.6256
2.44	-11.6241
2.45	-11.6185
2.46	-11.6088
2.47	-11.5948
2.48	-11.5765
2.49	-11.5539
2.5	-11.5267
2.51	-11.495
2.52	-11.4586
2.53	-11.4175
2.54	-11.3716
2.55	-11.3208
2.56	-11.2651
2.57	-11.2043
2.58	-11.1383
2.59	-11.0672
2.6	-10.9908
2.61	-10.909
2.62	-10.8217
2.63	-10.7289
2.64	-10.6305
2.64	-10.6305
2.65	-10.5264
2.66	-10.4166
2.67	-10.3008
2.68	-10.1792
2.69	-10.0516
2.7	-9.91786
2.71	-9.77801
2.72	-9.63193
2.73	-9.47955
2.74	-9.3208
2.75	-9.1556
2.76	-8.98388
2.77	-8.80555
2.78	-8.62055
2.79	-8.4288
2.8	-8.23022
2.81	-8.02474
2.82	-7.81229
2.83	-7.59278
2.84	-7.36614
2.85	-7.1323
2.86	-6.89118
2.87	-6.6427
2.88	-6.3868
2.88	-6.3868
2.89	-6.12339
2.9	-5.85243
2.91	-5.57384
2.92	-5.28758
2.93	-4.99359
2.94	-4.69181
2.95	-4.38219
2.96	-4.06466
2.97	-3.73918
2.98	-3.40569
2.99	-3.06412
3	-2.71443
3.01	-2.35655
3.02	-1.99044
3.03	-1.61602
3.04	-1.23326
3.05	-0.84208
3.06	-0.442438
3.07	-0.0342718
3.08	0.382473
3.09	0.807855
3.1	1.24193
3.11	1.68475
3.12	2.13638
3.12	2.13638
3.13	2.59687
3.14	3.06624
3.15	3.54452
3.16	4.03173
3.17	4.52791
3.18	5.03306
3.19	5.54722
3.2	6.07041
3.21	6.60265
3.22	7.14396
3.23	7.69438
3.24	8.25392
3.25	8.82261
3.26	9.40046
3.27	9.98752
3.28	10.5838
3.29	11.1893
3.3	11.8041
3.31	12.4282
3.32	13.0616
3.33	13.7043
3.34	14.3564
3.35	15.0178
3.36	15.6887
3.36	15.6887
3.37	16.369
3.38	17.0587
3.39	17.7579
3.4	18.4663
3.41	19.1842
3.42	19.9113
3.43	20.6477
3.44	21.3935
3.45	22.1485
3.46	22.9127
3.47	23.6861
3.48	24.4687
3.49	25.2605
3.5	26.0615
3.51	26.8716
3.52	27.6907
3.53	28.519
3.54	29.3563
3.55	30.2027
3.56	31.0581
3.57	31.9225
3.58	32.7958
3.59	33.6781
3.6	34.5694
3.6	34.5694
3.61	35.4695
3.62	36.3784
3.63	37.2962
3.64	38.2226
3.65	39.1575
3.66	40.1011
3.67	41.053
3.68	42.0133
3.69	42.9819
3.7	43.9588
3.71	44.9437
3.72	45.9367
3.73	46.9377
3.74	47.9466
3.75	48.9633
3.76	49.9877
3.77	51.0199
3.78	52.0596
3.79	53.1068
3.8	54.1614
3.81	55.2235
3.82	56.2928
3.83	57.3693
3.84	58.4529
3.84	58.4529
3.85	59.5435
3.86	60.6411
3.87	61.7454
3.88	62.8564
3.89	63.9739
3.9	65.0977
3.91	66.2277
3.92	67.3638
3.93	68.5059
3.94	69.6537
3.95	70.8072
3.96	71.9663
3.97	73.1307
3.98	74.3003
3.99	75.4751
4	76.6548
4.01	77.8394
4.02	79.0287
4.03	80.2225
4.04	81.4207
4.05	82.6232
4.06	83.8298
4.07	85.0405
4.08	86.255
4.08	86.255
4.09	87.4732
4.1	88.6949
4.11	89.9199
4.12	91.1481
4.13	92.3792
4.14	93.613
4.15	94.8494
4.16	96.0881
4.17	97.3289
4.18	98.5716
4.19	99.8161
4.2	101.062
4.21	102.309
4.22	103.558
4.23	104.807
4.24	106.057
4.25	107.308
4.26	108.559
4.27	109.81
4.28	111.061
4.29	112.312
4.3	113.563
4.31	114.812
4.32	116.061
4.32	116.061
4.33	117.309
4.34	118.556
4.35	119.801
4.36	121.044
4.37	122.285
4.38	123.524
4.39	124.76
4.4	125.993
4.41	127.224
4.42	128.451
4.43	129.674
4.44	130.894
4.45	132.109
4.46	133.32
4.47	134.527
4.48	135.729
4.49	136.926
4.5	138.117
4.51	139.303
4.52	140.483
4.53	141.657
4.54	142.825
4.55	143.986
4.56	145.14
4.56	145.14
4.57	146.287
4.58	147.427
4.59	148.559
4.6	149.683
4.61	150.799
4.62	151.906
4.63	153.005
4.64	154.094
4.65	155.174
4.66	156.245
4.67	157.305
4.68	158.355
4.69	159.395
4.7	160.424
4.71	161.441
4.72	162.447
4.73	163.442
4.74	164.424
4.75	165.395
4.76	166.352
4.77	167.297
4.78	168.229
4.79	169.147
4.8	170.052
4.8	170.052
4.81	170.942
4.82	171.819
4.83	172.68
4.84	173.527
4.85	174.358
4.86	175.174
4.87	175.974
4.88	176.758
4.89	177.526
4.9	178.277
4.91	179.011
4.92	179.727
4.93	180.426
4.94	181.107
4.95	181.77
4.96	182.414
4.97	183.039
4.98	183.645
4.99	184.232
5	184.799
5.01	185.345
5.02	185.872
5.03	186.378
5.04	186.862
5.04	186.862
5.05	187.326
5.06	187.768
5.07	188.188
5.08	188.586
5.09	188.962
5.1	189.315
5.11	189.644
5.12	189.951
5.13	190.234
5.14	190.493
5.15	190.728
5.16	190.939
5.17	191.124
5.18	191.285
5.19	191.421
5.2	191.531
5.21	191.614
5.22	191.672
5.23	191.704
5.24	191.708
5.25	191.686
5.26	191.636
5.27	191.559
5.28	191.453
5.28	191.453
5.29	191.32
5.3	191.158
5.31	190.967
5.32	190.748
5.33	190.499
5.34	190.221
5.35	189.913
5.36	189.576
5.37	189.208
5.38	188.81
5.39	188.381
5.4	187.922
5.41	187.431
5.42	186.909
5.43	186.355
5.44	185.77
5.45	185.153
5.46	184.503
5.47	183.821
5.48	183.106
5.49	182.358
5.5	181.576
5.51	180.762
5.52	179.913
5.52	179.913
5.53	179.03
5.54	178.114
5.55	177.163
5.56	176.177
5.57	175.157
5.58	174.103
5.59	173.013
5.6	171.888
5.61	170.728
5.62	169.532
5.63	168.301
5.64	167.034
5.65	165.731
5.66	164.392
5.67	163.017
5.68	161.606
5.69	160.158
5.7	158.673
5.71	157.151
5.72	155.593
5.73	153.997
5.74	152.364
5.75	150.693
5.76	148.985
5.76	148.985
5.77	147.238
5.78	145.454
5.79	143.632
5.8	141.773
5.81	139.875
5.82	137.939
5.83	135.965
5.84	133.952
5.85	131.902
5.86	129.813
5.87	127.686
5.88	125.521
5.89	123.317
5.9	121.075
5.91	118.795
5.92	116.476
5.93	114.118
5.94	111.722
5.95	109.287
5.96	106.813
5.97	104.301
5.98	101.75
5.99	99.1595
6	96.5306
6	96.5306
6.01	93.8628
6.02	91.1561
6.03	88.4107
6.04	85.6266
6.05	82.804
6.06	79.9429
6.07	77.0435
6.08	74.1057
6.09	71.1298
6.1	68.1158
6.11	65.0639
6.12	61.974
6.13	58.8463
6.14	55.6809
6.15	52.4779
6.16	49.2374
6.17	45.9595
6.18	42.6443
6.19	39.2918
6.2	35.9022
6.21	32.4755
6.22	29.0119
6.23	25.5115
6.24	21.9742
6.24	21.9742
6.25	18.4004
6.26	14.7901
6.27	11.1437
6.28	7.46143
6.29	3.74347
6.3	-0.00986928
6.31	-3.79835
6.32	-7.62171
6.33	-11.4797
6.34	-15.3721
6.35	-19.2985
6.36	-23.2589
6.37	-27.2528
6.38	-31.2801
6.39	-35.3405
6.4	-39.4338
6.41	-43.5596
6.42	-47.7178
6.43	-51.908
6.44	-56.1301
6.45	-60.3838
6.46	-64.6688
6.47	-68.9848
6.48	-73.3317
6.48	-73.3317
6.49	-77.709
6.5	-82.1166
6.51	-86.5538
6.52	-91.0203
6.53	-95.5157
6.54	-100.04
6.55	-104.591
6.56	-109.171
6.57	-113.778
6.58	-118.411
6.59	-123.071
6.6	-127.756
6.61	-132.468
6.62	-137.204
6.63	-141.965
6.64	-146.75
6.65	-151.559
6.66	-156.391
6.67	-161.247
6.68	-166.125
6.69	-171.025
6.7	-175.946
6.71	-180.889
6.72	-185.853
6.72	-185.853
6.73	-190.838
6.74	-195.842
6.75	-200.865
6.76	-205.908
6.77	-210.968
6.78	-216.046
6.79	-221.141
6.8	-226.252
6.81	-231.379
6.82	-236.521
6.83	-241.678
6.84	-246.849
6.85	-252.033
6.86	-257.231
6.87	-262.44
6.88	-267.662
6.89	-272.894
6.9	-278.137
6.91	-283.39
6.92	-288.653
6.93	-293.924
6.94	-299.204
6.95	-304.491
6.96	-309.785
6.96	-309.785
6.97	-315.086
6.98	-320.393
6.99	-325.705
7	-331.021
7.01	-336.34
7.02	-341.663
7.03	-346.988
7.04	-352.314
7.05	-357.641
7.06	-362.969
7.07	-368.295
7.08	-373.62
7.09	-378.943
7.1	-384.263
7.11	-389.58
7.12	-394.892
7.13	-400.2
7.14	-405.502
7.15	-410.797
7.16	-416.085
7.17	-421.366
7.18	-426.637
7.19	-431.9
7.2	-437.152
7.2	-437.152
7.21	-442.394
7.22	-447.625
7.23	-452.842
7.24	-458.047
7.25	-463.238
7.26	-468.414
7.27	-473.575
7.28	-478.718
7.29	-483.845
7.3	-488.954
7.31	-494.044
7.32	-499.114
7.33	-504.164
7.34	-509.192
7.35	-514.198
7.36	-519.181
7.37	-524.141
7.38	-529.076
7.39	-533.985
7.4	-538.868
7.41	-543.725
7.42	-548.553
7.43	-553.353
7.44	-558.123
7.44	-558.123
7.45	-562.863
7.46	-567.572
7.47	-572.248
7.48	-576.892
7.49	-581.503
7.5	-586.078
7.51	-590.618
7.52	-595.122
7.53	-599.588
7.54	-604.017
7.55	-608.407
7.56	-612.757
7.57	-617.066
7.58	-621.333
7.59	-625.559
7.6	-629.741
7.61	-633.879
7.62	-637.972
7.63	-642.02
7.64	-646.02
7.65	-649.974
7.66	-653.878
7.67	-657.734
7.68	-661.539
7.68	-661.539
7.69	-665.294
7.7	-668.997
7.71	-672.647
7.72	-676.243
7.73	-679.785
7.74	-683.272
7.75	-686.704
7.76	-690.078
7.77	-693.394
7.78	-696.652
7.79	-699.851
7.8	-702.989
7.81	-706.066
7.82	-709.082
7.83	-712.035
7.84	-714.924
7.85	-717.748
7.86	-720.508
7.87	-723.201
7.88	-725.827
7.89	-728.386
7.9	-730.876
7.91	-733.296
7.92	-735.646
7.92	-735.646
7.93	-737.925
7.94	-740.132
7.95	-742.267
7.96	-744.328
7.97	-746.315
7.98	-748.227
7.99	-750.063
8	-751.823
8.01	-753.506
8.02	-755.111
8.03	-756.637
8.04	-758.084
8.05	-759.451
8.06	-760.737
8.07	-761.941
8.08	-763.063
8.09	-764.102
8.1	-765.057
8.11	-765.927
8.12	-766.712
8.13	-767.411
8.14	-768.023
8.15	-768.547
8.16	-768.983
8.16	-768.983
8.17	-769.33
8.18	-769.587
8.19	-769.754
8.2	-769.83
8.21	-769.815
8.22	-769.708
8.23	-769.508
8.24	-769.215
8.25	-768.828
8.26	-768.347
8.27	-767.771
8.28	-767.1
8.29	-766.332
8.3	-765.468
8.31	-764.507
8.32	-763.448
8.33	-762.291
8.34	-761.034
8.35	-759.678
8.36	-758.222
8.37	-756.666
8.38	-755.008
8.39	-753.248
8.4	-751.386
8.4	-751.386
8.41	-749.421
8.42	-747.353
8.43	-745.181
8.44	-742.905
8.45	-740.525
8.46	-738.04
8.47	-735.45
8.48	-732.755
8.49	-729.954
8.5	-727.047
8.51	-724.033
8.52	-720.913
8.53	-717.687
8.54	-714.352
8.55	-710.91
8.56	-707.36
8.57	-703.702
8.58	-699.935
8.59	-696.059
8.6	-692.074
8.61	-687.979
8.62	-683.774
8.63	-679.458
8.64	-675.032
8.64	-675.032
8.65	-670.495
8.66	-665.847
8.67	-661.088
8.68	-656.218
8.69	-651.236
8.7	-646.144
8.71	-640.94
8.72	-635.625
8.73	-630.199
8.74	-624.661
8.75	-619.012
8.76	-613.252
8.77	-607.381
8.78	-601.398
8.79	-595.303
8.8	-589.098
8.81	-582.78
8.82	-576.352
8.83	-569.811
8.84	-563.16
8.85	-556.396
8.86	-549.521
8.87	-542.534
8.88	-535.436
8.88	-535.436
8.89	-528.226
8.9	-520.905
8.91	-513.472
8.92	-505.929
8.93	-498.276
8.94	-490.512
8.95	-482.639
8.96	-474.656
8.97	-466.565
8.98	-458.364
8.99	-450.055
9	-441.638
9.01	-433.113
9.02	-424.481
9.03	-415.741
9.04	-406.895
9.05	-397.943
9.06	-388.884
9.07	-379.719
9.08	-370.449
9.09	-361.074
9.1	-351.594
9.11	-342.009
9.12	-332.32
9.12	-332.32
9.13	-322.528
9.14	-312.632
9.15	-302.634
9.16	-292.534
9.17	-282.333
9.18	-272.032
9.19	-261.631
9.2	-251.131
9.21	-240.533
9.22	-229.838
9.23	-219.046
9.24	-208.158
9.25	-197.174
9.26	-186.096
9.27	-174.924
9.28	-163.658
9.29	-152.3
9.3	-140.851
9.31	-129.31
9.32	-117.679
9.33	-105.958
9.34	-94.1477
9.35	-82.2495
9.36	-70.2637
9.36	-70.2637
9.37	-58.1911
9.38	-46.0327
9.39	-33.7897
9.4	-21.463
9.41	-9.05389
9.42	3.43669
9.43	16.0076
9.44	28.6578
9.45	41.3861
9.46	54.1915
9.47	67.0728
9.48	80.0291
9.49	93.0591
9.5	106.162
9.51	119.336
9.52	132.581
9.53	145.896
9.54	159.278
9.55	172.728
9.56	186.245
9.57	199.826
9.58	213.471
9.59	227.18
9.6	240.95
9.6	240.95
9.61	254.781
9.62	268.671
9.63	282.619
9.64	296.623
9.65	310.682
9.66	324.795
9.67	338.96
9.68	353.176
9.69	367.441
9.7	381.754
9.71	396.113
9.72	410.517
9.73	424.965
9.74	439.455
9.75	453.985
9.76	468.554
9.77	483.161
9.78	497.805
9.79	512.483
9.8	527.195
9.81	541.939
9.82	556.713
9.83	571.516
9.84	586.348
9.84	586.348
9.85	601.205
9.86	616.087
9.87	630.991
9.88	645.917
9.89	660.862
9.9	675.824
9.91	690.803
9.92	705.796
9.93	720.801
9.94	735.816
9.95	750.841
9.96	765.873
9.97	780.911
9.98	795.952
9.99	810.995
10	826.039
10.01	841.082
10.02	856.121
10.03	871.155
10.04	886.183
10.05	901.203
10.06	916.213
10.07	931.211
10.08	946.195
10.08	946.195
10.09	961.164
10.1	976.116
10.11	991.05
10.12	1005.96
10.13	1020.85
10.14	1035.72
10.15	1050.55
10.16	1065.36
10.17	1080.14
10.18	1094.89
10.19	1109.6
10.2	1124.27
10.21	1138.91
10.22	1153.51
10.23	1168.06
10.24	1182.57
10.25	1197.04
10.26	1211.46
10.27	1225.82
10.28	1240.14
10.29	1254.4
10.3	1268.61
10.31	1282.76
10.32	1296.85
10.32	1296.85
10.33	1310.87
10.34	1324.84
10.35	1338.74
10.36	1352.57
10.37	1366.33
10.38	1380.03
10.39	1393.64
10.4	1407.19
10.41	1420.65
10.42	1434.04
10.43	1447.34
10.44	1460.57
10.45	1473.7
10.46	1486.75
10.47	1499.71
10.48	1512.58
10.49	1525.36
10.5	1538.04
10.51	1550.62
10.52	1563.1
10.53	1575.48
10.54	1587.76
10.55	1599.94
10.56	1612.01
10.56	1612.01
10.57	1623.96
10.58	1635.81
10.59	1647.54
10.6	1659.16
10.61	1670.66
10.62	1682.04
10.63	1693.31
10.64	1704.44
10.65	1715.46
10.66	1726.34
10.67	1737.1
10.68	1747.73
10.69	1758.22
10.7	1768.58
10.71	1778.81
10.72	1788.89
10.73	1798.84
10.74	1808.64
10.75	1818.29
10.76	1827.81
10.77	1837.17
10.78	1846.38
10.79	1855.44
10.8	1864.35
10.8	1864.35
10.81	1873.1
10.82	1881.69
10.83	1890.12
10.84	1898.39
10.85	1906.5
10.86	1914.44
10.87	1922.22
10.88	1929.83
10.89	1937.27
10.9	1944.54
10.91	1951.64
10.92	1958.56
10.93	1965.3
10.94	1971.87
10.95	1978.26
10.96	1984.47
10.97	1990.49
10.98	1996.33
10.99	2001.99
11	2007.45
11.01	2012.73
11.02	2017.82
11.03	2022.71
11.04	2027.41
11.04	2027.41
11.05	2031.91
11.06	2036.22
11.07	2040.32
11.08	2044.23
11.09	2047.93
11.1	2051.43
11.11	2054.72
11.12	2057.81
11.13	2060.68
11.14	2063.35
11.15	2065.8
11.16	2068.04
11.17	2070.07
11.18	2071.87
11.19	2073.46
11.2	2074.83
11.21	2075.98
11.22	2076.9
11.23	2077.6
11.24	2078.07
11.25	2078.31
11.26	2078.33
11.27	2078.11
11.28	2077.66
11.28	2077.66
11.29	2076.97
11.3	2076.05
11.31	2074.9
11.32	2073.51
11.33	2071.88
11.34	2070.02
11.35	2067.93
11.36	2065.6
11.37	2063.04
11.38	2060.25
11.39	2057.22
11.4	2053.96
11.41	2050.46
11.42	2046.73
11.43	2042.76
11.44	2038.56
11.45	2034.13
11.46	2029.47
11.47	2024.57
11.48	2019.43
11.49	2014.07
11.5	2008.47
11.51	2002.64
11.52	1996.57
11.52	1996.57
11.53	1990.27
11.54	1983.74
11.55	1976.96
11.56	1969.94
11.57	1962.67
11.58	1955.15
11.59	1947.38
11.6	1939.34
11.61	1931.05
11.62	1922.48
11.63	1913.65
11.64	1904.55
11.65	1895.16
11.66	1885.5
11.67	1875.55
11.68	1865.31
11.69	1854.78
11.7	1843.96
11.71	1832.83
11.72	1821.41
11.73	1809.67
11.74	1797.63
11.75	1785.27
11.76	1772.59
11.76	1772.59
11.77	1759.6
11.78	1746.29
11.79	1732.7
11.8	1718.82
11.81	1704.67
11.82	1690.27
11.83	1675.63
11.84	1660.76
11.85	1645.67
11.86	1630.39
11.87	1614.91
11.88	1599.27
11.89	1583.46
11.9	1567.5
11.91	1551.42
11.92	1535.21
11.93	1518.89
11.94	1502.48
11.95	1485.99
11.96	1469.43
11.97	1452.82
11.98	1436.17
11.99	1419.49
12	1402.8
